# relative_time, cycles_done, cur_item, corpus_count, pending_total, pending_favs, map_size, saved_crashes, saved_hangs, max_depth, execs_per_sec, total_execs, edges_found
61, 0, 407, 870, 711, 0, 12.13%, 0, 0, 9, 18927.86, 1006160, 656
66, 0, 418, 876, 717, 0, 12.13%, 0, 0, 9, 19336.77, 1104396, 656
71, 0, 566, 882, 719, 1, 12.13%, 0, 0, 9, 19170.20, 1201712, 656
76, 0, 760, 888, 723, 0, 12.13%, 0, 0, 9, 18986.66, 1297624, 656
81, 0, 195, 893, 727, 0, 12.13%, 0, 0, 9, 18742.28, 1393387, 656
86, 0, 881, 899, 733, 0, 12.13%, 0, 0, 9, 18664.21, 1488986, 656
91, 0, 129, 902, 732, 0, 12.13%, 0, 0, 9, 18594.44, 1583587, 656
96, 0, 144, 905, 735, 0, 12.13%, 0, 0, 9, 18952.08, 1680321, 656
101, 0, 334, 916, 744, 0, 12.13%, 0, 0, 9, 18748.44, 1775857, 656
106, 0, 831, 919, 745, 0, 12.13%, 0, 0, 9, 18983.73, 1872300, 656
111, 0, 219, 921, 746, 0, 12.13%, 0, 0, 9, 18896.09, 1968568, 656
117, 0, 594, 923, 748, 0, 12.13%, 0, 0, 9, 18969.97, 2064143, 656
122, 0, 363, 929, 754, 0, 12.13%, 0, 0, 9, 18648.87, 2159316, 656
127, 0, 141, 931, 756, 0, 12.13%, 0, 0, 9, 18334.00, 2254064, 656
132, 1, 888, 940, 763, 0, 12.13%, 0, 0, 9, 17245.22, 2344832, 656
137, 1, 219, 945, 765, 0, 12.13%, 0, 0, 9, 16044.77, 2412956, 656
142, 1, 475, 948, 765, 0, 12.13%, 0, 0, 9, 18093.45, 2506387, 656
147, 1, 122, 949, 761, 0, 12.13%, 0, 0, 9, 18531.85, 2601280, 656
152, 1, 445, 949, 756, 0, 12.13%, 0, 0, 9, 18716.20, 2697664, 656
157, 1, 760, 952, 753, 0, 12.13%, 0, 0, 9, 18731.50, 2793169, 656
163, 1, 760, 954, 754, 0, 12.13%, 0, 0, 9, 18394.00, 2886573, 656
168, 1, 418, 954, 754, 0, 12.13%, 0, 0, 9, 18503.32, 2979805, 656
173, 1, 425, 956, 751, 0, 12.13%, 0, 0, 9, 18190.31, 3072431, 656
178, 1, 475, 957, 748, 0, 12.13%, 0, 0, 9, 17957.72, 3164161, 656
183, 1, 75, 957, 745, 0, 12.13%, 0, 0, 9, 18105.23, 3257135, 656
188, 1, 553, 958, 741, 0, 12.13%, 0, 0, 9, 18342.52, 3350108, 656
193, 1, 592, 958, 739, 0, 12.13%, 0, 0, 9, 18709.48, 3444491, 656
198, 1, 435, 958, 734, 0, 12.13%, 0, 0, 9, 18578.47, 3538079, 656
203, 1, 219, 959, 731, 0, 12.13%, 0, 0, 9, 18399.00, 3631788, 656
208, 1, 663, 961, 728, 0, 12.13%, 0, 0, 9, 17928.05, 3722508, 656
214, 1, 219, 962, 727, 0, 12.13%, 0, 0, 9, 18108.48, 3814772, 656
219, 1, 642, 963, 725, 0, 12.13%, 0, 0, 9, 18103.82, 3906538, 656
224, 1, 653, 963, 723, 0, 12.13%, 0, 0, 9, 18707.09, 4001061, 656
229, 1, 580, 964, 720, 0, 12.13%, 0, 0, 9, 17628.63, 4090963, 656
234, 1, 573, 965, 719, 0, 12.13%, 0, 0, 9, 17923.19, 4183038, 656
239, 1, 219, 965, 715, 0, 12.13%, 0, 0, 9, 18323.70, 4276884, 656
244, 2, 364, 968, 715, 0, 12.13%, 0, 0, 9, 18234.14, 4372273, 656
249, 2, 553, 968, 709, 0, 12.13%, 0, 0, 9, 18457.46, 4465819, 656
254, 2, 170, 969, 708, 0, 12.13%, 0, 0, 9, 18216.18, 4558244, 656
259, 2, 219, 971, 704, 0, 12.13%, 0, 0, 9, 17271.54, 4646551, 656
265, 2, 905, 979, 709, 0, 12.13%, 0, 0, 9, 17684.32, 4738893, 656
270, 2, 475, 981, 708, 0, 12.13%, 0, 0, 9, 18425.88, 4833123, 656
275, 2, 397, 982, 706, 0, 12.13%, 0, 0, 9, 17699.57, 4923507, 656
280, 2, 590, 983, 704, 0, 12.13%, 0, 0, 9, 18163.03, 5014377, 656
285, 2, 760, 985, 704, 0, 12.13%, 0, 0, 9, 17711.47, 5105461, 656
290, 2, 962, 986, 701, 0, 12.13%, 0, 0, 9, 18466.65, 5200535, 656
295, 2, 554, 988, 701, 0, 12.13%, 0, 0, 9, 17942.21, 5290099, 656
300, 2, 335, 989, 699, 0, 12.13%, 0, 0, 9, 17421.18, 5379870, 656
305, 2, 215, 989, 696, 0, 12.13%, 0, 0, 9, 17959.00, 5470611, 656
310, 2, 9, 991, 696, 0, 12.13%, 0, 0, 9, 18415.71, 5562332, 656
316, 2, 901, 992, 692, 0, 12.13%, 0, 0, 9, 18530.64, 5655384, 656
321, 2, 546, 993, 690, 0, 12.13%, 0, 0, 9, 18665.16, 5750100, 656
326, 2, 104, 993, 686, 0, 12.13%, 0, 0, 9, 18396.43, 5844275, 656
331, 2, 608, 995, 686, 0, 12.13%, 0, 0, 9, 18496.66, 5940333, 656
336, 2, 1, 996, 685, 0, 12.13%, 0, 0, 9, 18366.42, 6033931, 656
341, 2, 760, 996, 683, 0, 12.13%, 0, 0, 9, 18459.08, 6127342, 656
346, 2, 642, 998, 682, 0, 12.13%, 0, 0, 9, 18395.31, 6220617, 656
351, 2, 407, 998, 680, 0, 12.13%, 0, 0, 9, 18166.31, 6313626, 656
356, 3, 678, 998, 678, 0, 12.13%, 0, 0, 9, 18119.03, 6406709, 656
361, 3, 766, 1000, 676, 0, 12.13%, 0, 0, 9, 18439.84, 6501520, 656
366, 3, 338, 1002, 676, 0, 12.13%, 0, 0, 9, 18095.94, 6593318, 656
372, 3, 406, 1002, 673, 0, 12.13%, 0, 0, 9, 18837.13, 6689111, 656
377, 3, 1, 1002, 673, 0, 12.13%, 0, 0, 9, 18681.64, 6782774, 656
382, 3, 217, 1002, 672, 0, 12.13%, 0, 0, 9, 18637.52, 6877663, 656
387, 3, 219, 1002, 669, 0, 12.13%, 0, 0, 9, 18303.72, 6971187, 656
392, 3, 219, 1002, 663, 0, 12.13%, 0, 0, 9, 17784.09, 7062240, 656
397, 3, 246, 1005, 659, 0, 12.13%, 0, 0, 9, 18386.70, 7157089, 656
402, 3, 760, 1013, 664, 0, 12.13%, 0, 0, 9, 18790.20, 7253395, 656
407, 3, 744, 1013, 662, 0, 12.13%, 0, 0, 9, 18145.14, 7345755, 656
412, 3, 144, 1014, 661, 0, 12.13%, 0, 0, 9, 18112.64, 7438288, 656
418, 3, 660, 1014, 659, 0, 12.13%, 0, 0, 9, 17887.63, 7529977, 656
423, 3, 364, 1015, 659, 0, 12.13%, 0, 0, 9, 18198.48, 7620481, 656
428, 3, 217, 1015, 657, 0, 12.13%, 0, 0, 9, 17809.56, 7710878, 656
433, 3, 760, 1016, 658, 0, 12.13%, 0, 0, 9, 18697.95, 7807661, 656
438, 3, 219, 1016, 657, 0, 12.13%, 0, 0, 9, 18391.80, 7902350, 656
443, 3, 678, 1023, 662, 0, 12.13%, 0, 0, 9, 18278.19, 7996391, 656
448, 3, 1, 1024, 661, 0, 12.13%, 0, 0, 9, 18436.80, 8089779, 656
453, 3, 238, 1027, 662, 0, 12.13%, 0, 0, 9, 18496.31, 8184141, 656
458, 3, 760, 1030, 663, 0, 12.13%, 0, 0, 9, 18819.40, 8280318, 656
463, 3, 39, 1030, 662, 0, 12.13%, 0, 0, 9, 18180.01, 8371932, 656
468, 3, 716, 1030, 660, 0, 12.13%, 0, 0, 9, 17289.58, 8460895, 656
474, 4, 991, 1031, 658, 0, 12.13%, 0, 0, 9, 17806.88, 8553019, 656
479, 4, 334, 1032, 658, 0, 12.13%, 0, 0, 9, 18301.54, 8645904, 656
484, 4, 1028, 1032, 657, 0, 12.13%, 0, 0, 9, 18575.72, 8740170, 656
489, 4, 155, 1034, 654, 0, 12.13%, 0, 0, 9, 18104.68, 8832193, 656
494, 4, 581, 1034, 653, 0, 12.13%, 0, 0, 9, 18000.71, 8924109, 656
499, 4, 364, 1034, 650, 0, 12.13%, 0, 0, 9, 17652.28, 9014263, 656
504, 4, 198, 1034, 650, 0, 12.13%, 0, 0, 9, 17667.90, 9103321, 656
509, 4, 907, 1034, 648, 0, 12.13%, 0, 0, 9, 18050.95, 9196244, 656
514, 4, 945, 1034, 644, 0, 12.13%, 0, 0, 9, 17774.75, 9286947, 656
520, 4, 546, 1034, 644, 0, 12.13%, 0, 0, 9, 18335.75, 9380968, 656
525, 4, 573, 1036, 645, 0, 12.13%, 0, 0, 9, 18136.97, 9472671, 656
530, 4, 170, 1040, 645, 0, 12.13%, 0, 0, 9, 17824.16, 9563180, 656
535, 4, 219, 1040, 644, 0, 12.13%, 0, 0, 9, 17859.51, 9654593, 656
540, 4, 832, 1040, 643, 0, 12.13%, 0, 0, 9, 18249.77, 9747541, 656
545, 4, 12, 1040, 639, 0, 12.13%, 0, 0, 9, 17872.90, 9839480, 656
550, 4, 144, 1041, 636, 0, 12.13%, 0, 0, 9, 17623.83, 9927840, 656
555, 4, 129, 1041, 632, 0, 12.13%, 0, 0, 9, 18293.42, 10021771, 656
560, 4, 905, 1044, 634, 0, 12.13%, 0, 0, 9, 18212.55, 10114708, 656
566, 4, 415, 1048, 634, 0, 12.13%, 0, 0, 9, 18348.20, 10195927, 656
571, 4, 591, 1051, 632, 0, 12.13%, 0, 0, 9, 16635.66, 10277856, 656
576, 4, 553, 1054, 633, 0, 12.13%, 0, 0, 9, 16792.94, 10364288, 656
581, 4, 546, 1054, 630, 0, 12.13%, 0, 0, 9, 17031.20, 10451385, 656
586, 4, 608, 1056, 632, 0, 12.13%, 0, 0, 9, 17281.38, 10540408, 656
591, 4, 751, 1057, 632, 0, 12.13%, 0, 0, 9, 16517.91, 10626937, 656
596, 5, 945, 1057, 629, 0, 12.13%, 0, 0, 9, 17247.91, 10716283, 656
601, 5, 553, 1060, 632, 0, 12.13%, 0, 0, 9, 14930.00, 10791377, 656
607, 5, 962, 1071, 642, 0, 12.13%, 0, 0, 9, 14684.35, 10864640, 656
612, 5, 334, 1076, 645, 0, 12.13%, 0, 0, 9, 13087.00, 10930553, 656
617, 5, 483, 1084, 651, 0, 12.13%, 0, 0, 9, 13710.40, 11003221, 656
622, 5, 701, 1086, 652, 0, 12.13%, 0, 0, 9, 14795.78, 11080102, 656
627, 5, 443, 1091, 656, 0, 12.13%, 0, 0, 9, 11417.19, 11151722, 656
632, 5, 760, 1095, 658, 0, 12.13%, 0, 0, 9, 15159.76, 11232040, 656
637, 5, 760, 1096, 658, 0, 12.13%, 0, 0, 9, 14760.17, 11308330, 656
642, 5, 209, 1101, 663, 0, 12.13%, 0, 0, 9, 15692.23, 11390321, 656
647, 5, 139, 1104, 663, 0, 12.13%, 0, 0, 9, 13249.24, 11457969, 656
652, 5, 749, 1107, 664, 0, 12.13%, 0, 0, 9, 14535.27, 11533306, 656
658, 5, 583, 1121, 676, 0, 12.13%, 0, 0, 9, 9591.48, 11570477, 656
663, 5, 217, 1124, 676, 0, 12.17%, 0, 0, 9, 14243.01, 11647205, 658
668, 5, 364, 1125, 675, 0, 12.17%, 0, 0, 9, 14955.51, 11724508, 658
673, 5, 967, 1129, 679, 0, 12.17%, 0, 0, 9, 14856.79, 11798457, 658
678, 5, 572, 1134, 683, 0, 12.17%, 0, 0, 9, 15660.84, 11882892, 658
683, 5, 208, 1136, 682, 0, 12.17%, 0, 0, 9, 15833.34, 11961242, 658
688, 5, 217, 1142, 688, 0, 12.17%, 0, 0, 9, 15718.87, 12040960, 658
693, 5, 219, 1144, 689, 0, 12.17%, 0, 0, 9, 14722.89, 12115428, 658
698, 5, 219, 1144, 685, 0, 12.17%, 0, 0, 9, 15670.36, 12194445, 658
703, 5, 81, 1145, 682, 0, 12.17%, 0, 0, 9, 16215.55, 12278040, 658
709, 5, 364, 1145, 680, 0, 12.17%, 0, 0, 9, 16780.77, 12365996, 658
714, 5, 592, 1147, 680, 0, 12.17%, 0, 0, 9, 16219.92, 12447960, 658
719, 5, 334, 1149, 680, 0, 12.17%, 0, 0, 9, 16241.37, 12531837, 658
724, 5, 363, 1150, 680, 0, 12.17%, 0, 0, 9, 14774.71, 12603100, 658
729, 5, 1049, 1151, 680, 0, 12.17%, 0, 0, 9, 15778.03, 12682042, 658
734, 5, 591, 1153, 679, 0, 12.19%, 0, 0, 9, 15254.69, 12755078, 659
739, 5, 101, 1153, 678, 0, 12.19%, 0, 0, 9, 16483.78, 12842104, 659
744, 5, 364, 1157, 680, 0, 12.19%, 0, 0, 9, 16466.60, 12925990, 659
750, 5, 657, 1159, 680, 0, 12.19%, 0, 0, 9, 15986.80, 13006119, 659
755, 5, 364, 1160, 678, 0, 12.19%, 0, 0, 9, 16433.24, 13088783, 659
760, 5, 53, 1160, 677, 0, 12.19%, 0, 0, 9, 15232.38, 13165530, 659
765, 6, 647, 1160, 677, 0, 12.19%, 0, 0, 9, 16117.75, 13253163, 659
770, 6, 142, 1162, 675, 0, 12.19%, 0, 0, 9, 16241.73, 13336847, 659
775, 6, 39, 1163, 674, 0, 12.19%, 0, 0, 9, 16591.81, 13424298, 659
780, 6, 1090, 1163, 673, 0, 12.19%, 0, 0, 9, 15699.42, 13500125, 659
785, 6, 674, 1166, 675, 0, 12.19%, 0, 0, 9, 16422.91, 13585091, 659
791, 6, 364, 1167, 672, 0, 12.19%, 0, 0, 9, 16023.74, 13663835, 659
796, 6, 271, 1169, 672, 0, 12.19%, 0, 0, 9, 15254.44, 13741831, 659
801, 6, 219, 1170, 671, 0, 12.19%, 0, 0, 9, 15809.71, 13821902, 659
806, 6, 583, 1171, 669, 0, 12.19%, 0, 0, 9, 15723.88, 13901296, 659
811, 6, 219, 1171, 668, 0, 12.19%, 0, 0, 9, 16199.74, 13980524, 659
816, 6, 945, 1171, 668, 0, 12.19%, 0, 0, 9, 15841.28, 14060249, 659
821, 6, 407, 1173, 669, 0, 12.19%, 0, 0, 9, 15748.66, 14140706, 659
826, 6, 716, 1173, 667, 0, 12.19%, 0, 0, 9, 16197.06, 14220844, 659
831, 6, 732, 1175, 669, 0, 12.19%, 0, 0, 9, 16116.34, 14302415, 659
837, 6, 364, 1179, 671, 0, 12.19%, 0, 0, 9, 15875.20, 14387269, 659
842, 6, 280, 1182, 672, 0, 12.21%, 0, 0, 9, 16070.79, 14470913, 660
847, 6, 716, 1183, 669, 0, 12.21%, 0, 0, 9, 14218.14, 14544727, 660
852, 6, 580, 1184, 666, 0, 12.21%, 0, 0, 9, 15431.25, 14625433, 660
857, 6, 591, 1185, 667, 0, 12.21%, 0, 0, 9, 15442.02, 14702444, 660
862, 6, 219, 1185, 666, 0, 12.21%, 0, 0, 9, 14714.07, 14774542, 660
868, 6, 425, 1185, 664, 0, 12.21%, 0, 0, 9, 15573.55, 14856190, 660
873, 6, 657, 1187, 664, 0, 12.21%, 0, 0, 9, 16022.79, 14937102, 660
878, 6, 831, 1187, 662, 0, 12.21%, 0, 0, 9, 16318.04, 15022018, 660
883, 6, 657, 1190, 665, 0, 12.21%, 0, 0, 9, 14252.49, 15093362, 660
888, 6, 219, 1192, 665, 0, 12.21%, 0, 0, 9, 15734.93, 15172860, 660
893, 6, 590, 1193, 666, 0, 12.21%, 0, 0, 9, 16421.11, 15256977, 660
898, 6, 219, 1195, 667, 0, 12.25%, 0, 0, 9, 16585.36, 15341693, 662
903, 6, 551, 1195, 666, 0, 12.25%, 0, 0, 9, 16075.19, 15422720, 662
908, 6, 732, 1196, 667, 0, 12.25%, 0, 0, 9, 15586.97, 15501305, 662
913, 6, 584, 1196, 666, 0, 12.25%, 0, 0, 9, 15387.26, 15579317, 662
919, 6, 604, 1196, 665, 0, 12.25%, 0, 0, 9, 15090.48, 15656771, 662
924, 6, 642, 1197, 664, 0, 12.25%, 0, 0, 9, 15298.28, 15735240, 662
929, 6, 832, 1197, 664, 0, 12.25%, 0, 0, 9, 15858.63, 15817267, 662
934, 6, 271, 1198, 663, 0, 12.25%, 0, 0, 9, 15988.84, 15897101, 662
939, 6, 1158, 1199, 663, 0, 12.25%, 0, 0, 9, 14820.49, 15973269, 662
944, 7, 219, 1201, 663, 0, 12.25%, 0, 0, 9, 15437.76, 16054009, 662
949, 7, 219, 1201, 661, 0, 12.25%, 0, 0, 9, 15578.72, 16130394, 662
955, 7, 472, 1208, 667, 0, 12.25%, 0, 0, 9, 15920.91, 16203163, 662
960, 7, 760, 1208, 667, 0, 12.25%, 0, 0, 9, 14405.91, 16272959, 662
965, 7, 554, 1208, 666, 0, 12.25%, 0, 0, 9, 14915.73, 16349962, 662
970, 7, 653, 1208, 666, 0, 12.25%, 0, 0, 9, 15254.77, 16426470, 662
975, 7, 701, 1208, 665, 0, 12.25%, 0, 0, 9, 15256.76, 16505136, 662
980, 7, 483, 1208, 663, 0, 12.25%, 0, 0, 9, 16168.43, 16588348, 662
985, 7, 553, 1209, 663, 0, 12.25%, 0, 0, 9, 15046.17, 16661310, 662
990, 7, 364, 1209, 661, 0, 12.25%, 0, 0, 9, 15541.16, 16742388, 662
995, 7, 334, 1209, 660, 0, 12.25%, 0, 0, 9, 16149.18, 16822122, 662
1001, 7, 701, 1209, 658, 0, 12.25%, 0, 0, 9, 15743.14, 16898191, 662
1006, 7, 334, 1209, 657, 0, 12.25%, 0, 0, 9, 15167.68, 16974851, 662
1011, 7, 387, 1209, 656, 0, 12.25%, 0, 0, 9, 15737.61, 17058016, 662
1016, 7, 195, 1209, 655, 0, 12.25%, 0, 0, 9, 15875.96, 17139161, 662
1021, 7, 642, 1214, 659, 0, 12.25%, 0, 0, 9, 15458.61, 17217174, 662
1026, 7, 219, 1214, 657, 0, 12.25%, 0, 0, 9, 15334.51, 17288774, 662
1031, 7, 60, 1214, 657, 0, 12.25%, 0, 0, 9, 15067.27, 17366978, 662
1036, 7, 39, 1217, 659, 0, 12.25%, 0, 0, 9, 14641.15, 17442590, 662
1041, 7, 334, 1218, 659, 0, 12.25%, 0, 0, 9, 15910.66, 17520821, 662
1046, 7, 1099, 1219, 657, 0, 12.25%, 0, 0, 9, 15453.13, 17598686, 662
1051, 7, 716, 1219, 655, 0, 12.25%, 0, 0, 9, 14857.19, 17671024, 662
1057, 7, 742, 1219, 655, 0, 12.25%, 0, 0, 9, 14175.38, 17747382, 662
1062, 7, 219, 1219, 655, 0, 12.25%, 0, 0, 9, 14896.55, 17825803, 662
1067, 7, 719, 1220, 655, 0, 12.25%, 0, 0, 9, 14958.79, 17897042, 662
1072, 7, 401, 1220, 652, 0, 12.25%, 0, 0, 9, 16109.83, 17979403, 662
1077, 7, 445, 1221, 649, 0, 12.25%, 0, 0, 9, 15932.87, 18056964, 662
1082, 7, 1059, 1221, 648, 0, 12.25%, 0, 0, 9, 15590.47, 18138461, 662
1087, 7, 717, 1222, 647, 0, 12.25%, 0, 0, 9, 16147.00, 18220649, 662
1092, 7, 626, 1224, 647, 0, 12.25%, 0, 0, 9, 15941.92, 18301527, 662
1098, 7, 425, 1225, 647, 0, 12.25%, 0, 0, 9, 15381.32, 18381921, 662
1103, 7, 338, 1226, 648, 0, 12.25%, 0, 0, 9, 15442.94, 18457288, 662
1108, 7, 39, 1227, 646, 0, 12.25%, 0, 0, 9, 15703.42, 18537968, 662
1113, 7, 716, 1228, 647, 0, 12.25%, 0, 0, 9, 14854.87, 18616521, 662
1118, 7, 1139, 1228, 647, 0, 12.25%, 0, 0, 9, 15608.05, 18694649, 662
1123, 7, 991, 1229, 646, 0, 12.25%, 0, 0, 9, 15197.15, 18768949, 662
1128, 8, 219, 1230, 647, 0, 12.25%, 0, 0, 9, 15211.60, 18846406, 662
1133, 8, 573, 1230, 647, 0, 12.25%, 0, 0, 9, 14354.32, 18917457, 662
1138, 8, 219, 1233, 650, 0, 12.25%, 0, 0, 9, 15364.43, 18996039, 662
1144, 8, 1158, 1233, 648, 0, 12.25%, 0, 0, 9, 14976.20, 19071116, 662
1149, 8, 704, 1233, 647, 0, 12.25%, 0, 0, 9, 14521.54, 19143164, 662
1154, 8, 225, 1235, 648, 0, 12.25%, 0, 0, 9, 14749.42, 19220389, 662
1159, 8, 338, 1235, 647, 0, 12.25%, 0, 0, 9, 14701.93, 19298251, 662
1164, 8, 219, 1236, 648, 0, 12.25%, 0, 0, 9, 15256.79, 19371134, 662
1169, 8, 364, 1237, 648, 0, 12.25%, 0, 0, 9, 15074.87, 19446046, 662
1174, 8, 742, 1237, 648, 0, 12.25%, 0, 0, 9, 15446.06, 19526376, 662
1179, 8, 1131, 1238, 645, 0, 12.25%, 0, 0, 9, 14174.80, 19597020, 662
1185, 8, 590, 1238, 644, 0, 12.25%, 0, 0, 9, 14515.25, 19671126, 662
1190, 8, 20, 1239, 644, 0, 12.25%, 0, 0, 9, 15537.07, 19750911, 662
1195, 8, 334, 1241, 646, 0, 12.25%, 0, 0, 9, 14621.76, 19824287, 662
1200, 8, 642, 1241, 645, 0, 12.25%, 0, 0, 9, 14683.55, 19896470, 662
1205, 8, 219, 1241, 642, 0, 12.25%, 0, 0, 9, 16336.40, 19979685, 662
1210, 8, 1158, 1243, 643, 0, 12.25%, 0, 0, 9, 13927.26, 20049619, 662
1215, 8, 217, 1243, 643, 0, 12.25%, 0, 0, 9, 14512.25, 20125671, 662
1220, 8, 553, 1243, 641, 0, 12.25%, 0, 0, 9, 14934.88, 20202897, 662
1225, 8, 219, 1243, 641, 0, 12.25%, 0, 0, 9, 15749.21, 20285408, 662
1230, 8, 364, 1243, 638, 0, 12.25%, 0, 0, 9, 14460.22, 20359548, 662
1235, 8, 445, 1243, 637, 0, 12.25%, 0, 0, 9, 15291.50, 20437565, 662
1240, 8, 154, 1243, 635, 0, 12.25%, 0, 0, 9, 15325.37, 20513297, 662
1246, 8, 945, 1243, 634, 0, 12.25%, 0, 0, 9, 15541.42, 20593846, 662
1251, 8, 406, 1244, 632, 0, 12.25%, 0, 0, 9, 14638.40, 20663285, 662
1256, 8, 1158, 1245, 632, 0, 12.25%, 0, 0, 9, 14772.27, 20739236, 662
1261, 8, 334, 1246, 631, 0, 12.25%, 0, 0, 9, 14695.59, 20814259, 662
1266, 8, 219, 1246, 629, 0, 12.25%, 0, 0, 9, 13919.21, 20886955, 662
1271, 8, 1158, 1246, 629, 0, 12.25%, 0, 0, 9, 14773.30, 20963282, 662
1276, 8, 1020, 1247, 627, 0, 12.25%, 0, 0, 9, 15072.20, 21041545, 662
1281, 8, 672, 1247, 624, 0, 12.25%, 0, 0, 9, 15342.17, 21118825, 662
1286, 8, 760, 1248, 623, 0, 12.25%, 0, 0, 9, 14675.91, 21192087, 662
1291, 8, 53, 1248, 621, 0, 12.25%, 0, 0, 9, 15314.29, 21269934, 662
1297, 8, 609, 1248, 621, 0, 12.25%, 0, 0, 9, 15977.00, 21351820, 662
1302, 8, 219, 1248, 618, 0, 12.25%, 0, 0, 9, 15578.15, 21430960, 662
1307, 8, 554, 1248, 617, 0, 12.25%, 0, 0, 9, 15451.06, 21506880, 662
1312, 8, 760, 1248, 612, 0, 12.25%, 0, 0, 9, 15027.63, 21578634, 662
1317, 8, 217, 1248, 611, 0, 12.25%, 0, 0, 9, 14941.60, 21654214, 662
1322, 9, 417, 1248, 610, 0, 12.25%, 0, 0, 9, 14806.80, 21728679, 662
1327, 9, 39, 1249, 608, 0, 12.25%, 0, 0, 9, 15494.15, 21805775, 662
1332, 9, 437, 1250, 605, 0, 12.25%, 0, 0, 9, 15394.82, 21885202, 662
1337, 9, 219, 1252, 605, 0, 12.25%, 0, 0, 9, 15002.89, 21960649, 662
1342, 9, 551, 1252, 603, 0, 12.25%, 0, 0, 9, 14064.88, 22034195, 662
1348, 9, 553, 1253, 603, 0, 12.25%, 0, 0, 9, 15676.70, 22113855, 662
1353, 9, 589, 1253, 601, 0, 12.25%, 0, 0, 9, 15021.66, 22188313, 662
1358, 9, 437, 1253, 600, 0, 12.25%, 0, 0, 9, 14968.20, 22263598, 662
1363, 9, 445, 1253, 598, 0, 12.25%, 0, 0, 9, 13938.87, 22333994, 662
1368, 9, 219, 1253, 597, 0, 12.25%, 0, 0, 9, 13789.39, 22404397, 662
1373, 9, 615, 1253, 596, 0, 12.25%, 0, 0, 9, 14658.57, 22481674, 662
1378, 9, 580, 1253, 595, 0, 12.25%, 0, 0, 9, 14661.08, 22556173, 662
1383, 9, 219, 1253, 593, 0, 12.25%, 0, 0, 9, 13858.91, 22624144, 662
1388, 9, 590, 1253, 592, 0, 12.25%, 0, 0, 9, 16791.80, 22699869, 662
1393, 9, 905, 1253, 591, 0, 12.25%, 0, 0, 9, 16076.05, 22782599, 662
1398, 9, 219, 1254, 590, 0, 12.25%, 0, 0, 9, 15123.96, 22854051, 662
1404, 9, 364, 1254, 588, 0, 12.25%, 0, 0, 9, 14680.25, 22930872, 662
1409, 9, 296, 1255, 587, 0, 12.25%, 0, 0, 9, 15742.05, 23009115, 662
1414, 9, 717, 1256, 588, 0, 12.25%, 0, 0, 9, 15267.49, 23084085, 662
1419, 9, 364, 1256, 587, 0, 12.25%, 0, 0, 9, 15418.83, 23158632, 662
1424, 9, 572, 1256, 587, 0, 12.25%, 0, 0, 9, 15187.20, 23238438, 662
1429, 9, 219, 1256, 586, 0, 12.25%, 0, 0, 9, 15770.53, 23308624, 662
1434, 9, 310, 1257, 586, 0, 12.25%, 0, 0, 9, 15990.28, 23388083, 662
1439, 9, 1023, 1258, 586, 0, 12.25%, 0, 0, 9, 14801.29, 23459838, 662
1444, 9, 554, 1258, 584, 0, 12.25%, 0, 0, 9, 15040.94, 23537384, 662
1449, 9, 139, 1258, 583, 0, 12.25%, 0, 0, 9, 15188.15, 23614014, 662
1454, 9, 1023, 1258, 582, 0, 12.25%, 0, 0, 9, 14916.83, 23688596, 662
1460, 9, 140, 1258, 580, 0, 12.25%, 0, 0, 9, 14439.16, 23763100, 662
1465, 9, 1049, 1258, 577, 0, 12.25%, 0, 0, 9, 15024.98, 23840873, 662
1470, 9, 334, 1258, 576, 0, 12.25%, 0, 0, 9, 13366.56, 23905303, 662
1475, 9, 549, 1259, 576, 0, 12.25%, 0, 0, 9, 14596.70, 23976230, 662
1480, 9, 195, 1259, 574, 0, 12.25%, 0, 0, 9, 15181.00, 24055084, 662
1485, 9, 468, 1259, 574, 0, 12.25%, 0, 0, 9, 14814.18, 24130894, 662
1490, 9, 363, 1259, 572, 0, 12.25%, 0, 0, 9, 14111.05, 24202152, 662
1495, 9, 51, 1259, 571, 0, 12.25%, 0, 0, 9, 15589.01, 24280470, 662
1501, 9, 225, 1260, 569, 0, 12.25%, 0, 0, 9, 14137.79, 24352298, 662
1506, 9, 475, 1261, 568, 0, 12.25%, 0, 0, 9, 14757.13, 24425082, 662
1511, 9, 1135, 1261, 567, 0, 12.25%, 0, 0, 9, 15119.85, 24505390, 662
1516, 10, 363, 1261, 565, 0, 12.25%, 0, 0, 9, 15295.13, 24581067, 662
1521, 10, 364, 1262, 564, 0, 12.25%, 0, 0, 9, 14242.53, 24648800, 662
1526, 10, 719, 1262, 564, 0, 12.25%, 0, 0, 9, 14016.16, 24720140, 662
1531, 10, 219, 1262, 563, 0, 12.25%, 0, 0, 9, 14467.32, 24796926, 662
1536, 10, 580, 1262, 561, 0, 12.25%, 0, 0, 9, 15098.59, 24872356, 662
1541, 10, 363, 1262, 560, 0, 12.25%, 0, 0, 9, 14869.80, 24946779, 662
1546, 10, 154, 1262, 559, 0, 12.25%, 0, 0, 9, 14980.86, 25022725, 662
1551, 10, 883, 1262, 558, 0, 12.25%, 0, 0, 9, 15315.88, 25099682, 662
1557, 10, 443, 1262, 556, 0, 12.25%, 0, 0, 9, 14012.63, 25170700, 662
1562, 10, 592, 1262, 555, 0, 12.25%, 0, 0, 9, 15304.76, 25251906, 662
1567, 10, 215, 1262, 553, 0, 12.25%, 0, 0, 9, 14075.15, 25323666, 662
1572, 10, 554, 1263, 554, 0, 12.25%, 0, 0, 9, 14410.87, 25400578, 662
1577, 10, 1201, 1263, 554, 0, 12.25%, 0, 0, 9, 14811.17, 25478460, 662
1582, 10, 660, 1263, 553, 0, 12.25%, 0, 0, 9, 14521.42, 25552181, 662
1587, 10, 170, 1263, 551, 0, 12.25%, 0, 0, 9, 15411.97, 25627324, 662
1592, 10, 591, 1263, 549, 0, 12.25%, 0, 0, 9, 14868.52, 25703613, 662
1598, 10, 364, 1263, 548, 0, 12.25%, 0, 0, 9, 14419.20, 25775539, 662
1603, 10, 334, 1263, 548, 0, 12.25%, 0, 0, 9, 14326.29, 25848162, 662
1608, 10, 139, 1264, 548, 0, 12.25%, 0, 0, 9, 15323.53, 25928624, 662
1613, 10, 831, 1264, 546, 0, 12.25%, 0, 0, 9, 17431.34, 26005503, 662
1618, 10, 338, 1264, 544, 0, 12.25%, 0, 0, 9, 15971.84, 26084138, 662
1623, 10, 387, 1264, 544, 0, 12.25%, 0, 0, 9, 15246.61, 26160240, 662
1628, 10, 129, 1264, 543, 0, 12.25%, 0, 0, 9, 14494.52, 26234958, 662
1633, 10, 219, 1265, 542, 0, 12.25%, 0, 0, 9, 14180.13, 26308795, 662
1638, 10, 678, 1265, 541, 0, 12.25%, 0, 0, 9, 15118.67, 26386382, 662
1644, 10, 217, 1266, 541, 0, 12.25%, 0, 0, 9, 14203.01, 26460987, 662
1649, 10, 219, 1266, 540, 0, 12.25%, 0, 0, 9, 15322.84, 26538655, 662
1654, 10, 717, 1266, 539, 0, 12.25%, 0, 0, 9, 14400.49, 26609754, 662
1659, 10, 732, 1267, 540, 0, 12.25%, 0, 0, 9, 14708.87, 26685155, 662
1664, 10, 364, 1267, 540, 0, 12.25%, 0, 0, 9, 2322.58, 26757363, 662
1669, 10, 219, 1267, 540, 0, 12.25%, 0, 0, 9, 14747.52, 26832069, 662
1674, 10, 364, 1267, 539, 0, 12.25%, 0, 0, 9, 14641.91, 26904852, 662
1679, 10, 219, 1267, 537, 0, 12.25%, 0, 0, 9, 14138.77, 26976061, 662
1684, 10, 364, 1267, 536, 0, 12.25%, 0, 0, 9, 14755.75, 27050683, 662
1690, 10, 139, 1267, 535, 0, 12.25%, 0, 0, 9, 14530.73, 27125729, 662
1695, 10, 208, 1267, 533, 0, 12.25%, 0, 0, 9, 14922.75, 27201008, 662
1700, 10, 364, 1267, 533, 0, 12.25%, 0, 0, 9, 13845.09, 27268898, 662
1705, 10, 337, 1267, 533, 0, 12.25%, 0, 0, 9, 14432.65, 27343661, 662
1710, 10, 219, 1267, 532, 0, 12.25%, 0, 0, 9, 15034.37, 27421748, 662
1715, 11, 690, 1267, 530, 0, 12.25%, 0, 0, 9, 15083.40, 27496312, 662
1720, 11, 553, 1268, 529, 0, 12.25%, 0, 0, 9, 14534.36, 27567451, 662
1725, 11, 338, 1268, 528, 0, 12.25%, 0, 0, 9, 15339.19, 27648236, 662
1730, 11, 217, 1268, 528, 0, 12.25%, 0, 0, 9, 16149.48, 27729438, 662
1735, 11, 406, 1268, 526, 0, 12.25%, 0, 0, 9, 15116.63, 27796898, 662
1741, 11, 338, 1269, 526, 0, 12.25%, 0, 0, 9, 14934.85, 27871796, 662
1746, 11, 101, 1269, 524, 0, 12.25%, 0, 0, 9, 14410.63, 27948039, 662
1751, 11, 364, 1269, 524, 0, 12.25%, 0, 0, 9, 14904.53, 28026157, 662
1756, 11, 808, 1269, 524, 0, 12.25%, 0, 0, 9, 13802.07, 28097093, 662
1761, 11, 549, 1269, 523, 0, 12.25%, 0, 0, 9, 14453.48, 28173837, 662
1766, 11, 364, 1269, 523, 0, 12.25%, 0, 0, 9, 15232.14, 28251420, 662
1771, 11, 583, 1270, 523, 0, 12.25%, 0, 0, 9, 14616.54, 28324999, 662
1777, 11, 215, 1271, 523, 0, 12.25%, 0, 0, 9, 14447.91, 28403013, 662
1782, 11, 406, 1271, 523, 0, 12.25%, 0, 0, 9, 14904.54, 28477521, 662
1787, 11, 982, 1271, 523, 0, 12.25%, 0, 0, 9, 14435.84, 28552344, 662
1792, 11, 219, 1271, 521, 0, 12.25%, 0, 0, 9, 15264.26, 28632898, 662
1797, 11, 364, 1271, 520, 0, 12.25%, 0, 0, 9, 15141.80, 28712760, 662
1800, 11, 363, 1271, 520, 0, 12.25%, 0, 0, 9, 15328.72, 28753892, 662
